2922522313
2371778228
325405982
264189073
1240810459
394406625
2816587825
3093877271
63937352
2799603473
1875908838
275349047
839406283
264080603
3095800965
2704793660
1427623820
565619296
1354443114
768988050
222175523
1184480599
313555219
58950613
1260481140
246031017
108369290
2832469816
872877145
1596264403
531629036
2745773151
2843672407
107889537
3099327630
587064182
92980099
2879442022
1563539990
2952802131
560927172
2412730747
13443742
2216753209
183738505
69530226
2835553769
14504547
1135732904
18804905
153720178
38637988
708620801
128565204
26252596
2633039194
258202120
1231877641
614764284
317305684
745235587
94261822
75472564
2907070473
386038955
1687840086
1962312757
1874705262
1528820377
2550922152
97152151
73764239
104783349
128802282
2514940836
2339706494
2855859661
748434061
1561253120
148471530
2814398238
394525151
2855833050
586140392
2888381904
522034231
2602298509
33651237
2314075110
530811247
3066632190
853986770
