19841894
2937769483
626058920
449309260
2801106679
919919376
406527721
900424477
107511807
343099951
2164790095
1062162980
23728967
1014542083
544004434
2492263759
306432291
2232053099
2877365714
812242206
220216607
741057564
365670148
31198359
1347970254
2193633019
2909937297
830035634
389955052
2280089497
2869199177
38229150
357673179
1852801256
172202448
233756617
2355741884
187441113
228973010
1240054092
444013088
260589756
3104280642
585177246
2280860009
1644060145
977329814
2229272414
2303905082
954907729
42357536
2954571641
2951696588
1695747672
3101497411
518024471
2229256609
277605524
2760036793
48946284
363879715
310283536
1295717544
16539199
1618669866
1295717544
941043894
781722217
2334628381
2764299001
2334628381
2838576766
937053470
1146307982
616503532
1550177508
200760456
1860735630
427601228
1229648154
302752834
1721893202
1029907128
757273866
2921323891
2457947785
3066079846
82054937
718022762
248929385
2255691300
327734566
