1517240208
9629512
601505553
1595213485
350292243
1106923974
1569741158
501541494
264080603
135289763
148982427
2942518271
2467379940
2336894996
610688479
1607684204
2884553232
1499854507
2303786904
2234392741
3101031470
264579898
2827949682
272063945
264579898
375117389
2819645406
1967402412
41405373
1656767196
233756617
2323206254
2855798178
42447922
96840999
1478822328
1240541580
375276263
3018016399
2193633019
441587189
2574679489
192225568
2731690369
2272614582
71776801
1615109089
2483053988
2489438390
599045393
2991959299
323491070
827347928
2865831535
970799887
2494065480
2200928612
1241905632
58117931
2998910311
107511807
2814398238
264189073
3086804383
1535506375
127739956
75864150
2858459546
313468076
3079735207
226345812
1240937918
3086804383
1569727724
2448764842
2280042469
2359463058
2354079756
