20921874
145225048
1930934592
148232890
255362478
367883696
372384808
544829248
326629998
3114575229
179386488
2957545376
80813435
839266158
701318054
2173153771
2849633862
2912912979
1513878613
307552202
302351683
62365702
2955718075
2595028268
3032275314
298823073
2384354484
2179475401
309181419
1429244420
2451399366
3100627043
337709218
30609170
2341143873
856326896
19990162
472686354
1053032953
860889068
2634821966
2517882506
3053923111
2946402282
2335303482
1156199924
14444671
475276727
2384797885
253240274
872192214
2501365874
748809654
1972416156
3034821241
324296953
129737931
426087221
2287244288
382991915
2149474032
736822836
2365391736
3014164136
408762461
231794194
150345163
1315400582
3109490993
1333160552
728761027
2272547509
2470388251
1195627915
87469108
114710799
3071331325
3074105351
2287244288
2316919350
1263986940
30609170
418316851
381965874
1525923907
196157894
1402288813
2423382516
2704793660
2421815726
222046061
229089974
1407037724
3018915445
473063862
100091730
2663245849
2216512003
313131250
17424883
