524018112
330755229
3018007358
3058543277
2595028268
2754384606
1315224649
1312205856
1394983332
30609170
1063391540
279646118
30609170
2975176685
328349044
1057734842
2589059654
2654226780
609116345
736822836
547568154
2857592924
429636232
2338139292
2166330355
2645855300
344872065
2279522616
69729064
3107400750
2913634186
108741286
123435168
2283155168
859256658
330259984
3055055994
30609170
49357383
2495196020
310315795
278937023
514194457
2287244288
86017298
154036527
2900694890
2995803145
336274147
1383250662
2335859390
559610852
148875543
2216512003
2659745088
2384354484
193658128
1253808836
104760331
2781892051
2813678052
2490562807
152491277
3109490993
3013031802
167884287
388540581
2413873536
2258505338
229472879
2179563967
2770694046
2890860391
3010255224
158592425
298704709
2388522414
302139949
2851626833
138025660
1094069954
2360337057
2506236242
2371708694
2792046891
826345584
2837561671
2208504710
3122211
823220660
2244003310
249793583
3018927973
2536314787
1427324088
827125370
2562307620
2822344434
757025072
68259285
58652590
2543117761
3110662978
480877175
2979450499
418316851
240442433
3041628019
2460339272
1863883722
141301786
221187678
852779743
1254622146
2999045778
249663968
294262000
1720981327
1167417356
2701857890
23097014
1004070463
586921977
30609170
847502292
393245264
2529763422
2989119309
136318331
