589586405
134862409
1128815208
1558509583
118355447
1677819763
2244801364
41407161
337712205
3059715198
32891280
245812733
128802901
221811529
103532314
35343837
1019292378
111196649
59668418
174716572
2465158117
159540538
264799286
1171468872
345208425
379315194
86681225
53836238
2837912547
2852149754
3018205080
3018205080
2260213800
341156618
349589862
79436209
305439869
2292272193
2901897973
538938762
2988456260
2988456260
2988456260
2988456260
2988456260
2988456260
2988456260
2988456260
254211219
2988456260
2988456260
2988456260
2988456260
2988456260
2988456260
2988456260
2988456260
2988456260
217844430
2988456260
2988456260
2988456260
2988456260
2988456260
2988456260
2988456260
2988456260
2988456260
2988456260
2988456260
223958670
419429402
1916861658
2246743937
212197145
377122029
500571823
191662582
34721330
298823073
2946265735
2946265735
2946265735
2946265735
2946265735
2946265735
2946265735
2946265735
2444431104
33023867
2946265735
2946265735
2946265735
2946265735
2946265735
2946265735
2946265735
2946265735
2946265735
2946265735
2946265735
2946265735
2280649880
2946265735
2946265735
2946265735
2946265735
2946265735
2946265735
2946265735
2946265735
2417249612
1940044920
350083797
490215770
2582668748
181133738
181133738
181133738
181133738
181133738
181133738
2433287918
99014337
600929327
2200400064
2958020523
2607361732
1593454116
