2248297134
2369819233
3093877271
1264488559
329411080
76136142
2356555920
105317064
2834638066
113009648
618932843
21518737
2183650675
2893687770
1443853454
1479668388
1184480599
759952304
2335739144
400061672
2373169087
1077758538
741760686
1732298826
1116273535
41987600
3003659464
79178393
2792593853
52201129
296648994
2467266914
21965737
2970495994
62942295
2354079756
2954158986
3042875000
2475041168
68910187
2277753277
778970688
58117931
905787650
76663105
134710826
1014766014
2150320806
21293231
942368516
184745166
2775280733
435763152
1948505011
2834614751
2884579814
2474120946
1348702332
598111584
1263329720
2385964938
2472844700
2251425870
41080970
89985400
2893753783
2876187492
2886133189
2649851186
1353343046
809515854
2974428922
991226683
784682790
356485920
25519777
1241905632
155910701
