2937769483
172270009
449309260
2801106679
3095608943
177954149
379643059
3028710713
22932215
3092636243
1230542892
375079256
2778141120
36346051
1673666269
2359463058
1919221146
1705968008
1279024422
2374059678
56756058
2866178799
2348281358
2376789950
89139487
1704566280
2339613242
1704566280
2866291691
2594059184
91244695
2376667314
1467347294
2359463058
492768463
2950962863
3095964323
150951142
2413602606
276169726
987991093
3088044780
2449013559
1970958122
1971371010
105706106
38637988
3087856993
236891946
27144657
127212764
1550537665
133195058
1712995476
2412730747
337565706
58349318
3070887369
2963060216
75256222
2893851583
328981409
512595438
33274326
800121919
483604383
2304771098
2361229638
1459863944
82054937
2969365909
286137163
125076764
58465403
2337880826
3087174528
2304965852
2371778228
