598111584
2917292606
3101031470
2772965922
2416444476
2792959008
264579898
777169189
708685956
2797324417
2942056982
2988947538
435763152
2731542224
613638807
2893681020
141143486
1202448612
617701556
526239420
987097148
3075886556
2615643894
171762380
550953735
1413339252
408108454
2906263767
483638259
342046897
364777475
2250118364
238449827
604723364
27828391
452951939
357753800
391131281
2865721459
545242316
722731526
234762519
177954149
2161139959
59955137
548863444
1665825469
3004115889
2202580830
282727458
2892477144
1564008636
213159622
2412631165
2427023155
217584499
413448697
976873790
3097652246
320629135
34230483
2861227046
2854550966
104783349
45349237
495668942
214549941
438866699
35949955
3006108849
708602533
306627386
1414609184
92980099
2819636874
107889537
610688479
2864172770
26200304
300081956
2909445756
111952665
959641681
40819209
2796402861
46693445
73764239
2178444860
2995164985
1295717544
139141600
2262051685
