89446151
1937254268
1304496751
2489559110
3042750541
467250525
167100423
82294198
854662680
133724073
2415362216
30609170
377406768
1970791
1547280942
2485035200
2816379570
1971146256
2818871984
2216512003
30609170
573330791
3114222233
1371133386
283365940
113117866
30609170
2913068234
1246446331
130693688
2540908519
2937724278
2542491458
1178482028
2703292530
116276133
388020264
739626931
3014307312
2341143873
1250871720
1057762062
2792993846
2838754094
52758609
225125014
393245264
1685123072
2971790439
2913013782
142206789
49651439
29227372
15746336
1640099808
2777036023
113117866
1613063600
1023877718
3096170888
57798518
1134885469
382825139
45406308
319241578
2451399366
2799606509
1511992172
2732273714
2821822482
983821663
145213760
299293653
43874660
524311285
58652590
705251495
3053682798
313106873
2832042078
70757949
782319355
1409193572
3018919747
2785175643
2924560288
1316347926
14669951
104944845
2301553536
2536418507
3062806556
1600079130
2166330355
749363270
1383250662
47941897
881656686
116793893
284358900
