1931629458
2980572005
222046061
30609170
2149474032
2827185363
2463718741
636698038
40177819
2390962730
607817345
2489461680
2776472833
1053032953
1451537096
2293477190
854662680
2776569470
2754763411
2334065936
49449357
1962468625
102910807
2287244288
3017174378
2362602409
26969800
2300501604
2562307620
2203807023
2894581730
22749632
2636573922
2944982377
57726091
101013134
2592344714
1383735386
551549851
2251228286
3114560381
923957791
368991498
2159763007
82769670
1251052902
472686354
392224518
2216512003
2722447009
69729064
1522299823
1122352074
2559582819
3018911881
1866090050
2506236242
118214093
3031549634
44938320
2548991396
2918942822
30609170
327580041
2900344878
2694531734
2962164861
1383735386
2574679489
2262484821
19224886
30609170
1929794611
2422084957
15042473
2420646780
3002690028
1131897762
1371451124
3114575229
39886077
243075872
1014121958
15507739
1241115517
3065846395
418862141
1103383512
2415615589
2307299061
1121533188
383839045
1358860218
2294002688
297971314
1925963670
20715638
250457365
541462081
2780309120
2360639246
1535869177
781897717
767261516
13944032
743280769
259619440
3064701997
1733223890
2216512003
839266158
2832630596
1489819237
735912282
458314556
192587321
1418549989
30609170
60945022
2400081698
249950928
547247360
2473147970
1014253376
135217847
75233270
547371106
1178377016
514552877
