589586405
134862409
419659298
118355447
2244801364
252291677
41407161
245812733
128802901
221811529
103532314
35343837
1019292378
111196649
59668418
174716572
2465158117
159540538
264799286
1171468872
345208425
379315194
86681225
53836238
2852149754
3018205080
3018205080
341156618
79436209
2988456260
2988456260
2988456260
2988456260
2988456260
2988456260
2988456260
2988456260
2988456260
2988456260
2988456260
2988456260
2988456260
2988456260
2988456260
2988456260
2988456260
217844430
2988456260
2988456260
2988456260
2988456260
2988456260
2988456260
2988456260
2988456260
2988456260
2988456260
2988456260
2246743937
2946265735
2946265735
2946265735
2946265735
2946265735
2946265735
2946265735
2946265735
2946265735
2946265735
2946265735
2946265735
2946265735
2946265735
2946265735
2946265735
2946265735
2946265735
2946265735
2946265735
2280649880
99759537
161576268
2946265735
2946265735
2946265735
2946265735
2946265735
2946265735
2946265735
2946265735
375630962
181133738
181133738
181133738
181133738
181133738
181133738
287243677
2287049449
2607361732
