2810987274
2409799339
3067806555
581705507
1066336567
229081472
2509023511
1261458740
72744665
625714794
547796342
98013369
3067806555
2509023511
2378405839
1419907087
2509023511
447022776
3067806555
2924122452
1057716631
476430990
1090703706
866323495
2926546797
2782443018
2509023511
3064010430
618378507
1159833817
2872054079
749128518
3067806555
3067806555
547713712
441401141
1277325529
545695559
2871646211
538794206
383362538
2509023511
779493396
1912694028
2764999090
160015933
3067806555
1177448456
882944515
3001758175
2871646211
134488290
23930200
217555185
885117456
2281207250
3035677663
2509023511
3067806555
2898054753
1391446531
2509023511
2925527021
2941032299
243565992
1379574026
2453319164
