844287913
2926546797
2509023511
559389606
2509023511
72744665
2520333265
538886118
2761942626
287516181
2855065079
3067806555
1055654923
1394942084
2817174119
413705251
2806994758
1876229852
1384187318
545059328
77096484
444002427
538583289
2956448866
539541913
3067806555
2197242104
1251256676
2449850437
2871646211
2957981839
2892869754
338596990
2341587366
2871646211
2871646211
426801755
614764284
636554096
3067806555
2871646211
109909189
966674581
2924761924
403886995
2906117397
382262910
2931421176
2891872805
2509023511
3064515687
545154569
2509023511
545516278
1066201500
2906117397
1933435910
3035677663
196326620
140010585
414390910
737199853
320558971
88776729
2583272581
539529379
1012909932
