1555055616
537522640
538812613
165020834
629405950
60121293
3099802421
14472933
88138568
179054279
3065835950
2509023511
2385246996
2509023511
3067806555
2509023511
2299041075
458005221
3100584774
3051257345
2978686733
469937852
1937379115
3067806555
3067806555
3067806555
3067806555
3067806555
3067806555
1937379115
469937852
2243840367
1937379115
2509023511
3064010430
2509023511
2880080790
2509023511
2509023511
2509023511
1937379115
2509023511
1937379115
3064010430
54541545
2880080790
2880080790
3064010430
1937379115
3064010430
2880080790
1937379115
3064010430
3064010430
2880080790
2880080790
40325830
1654174879
2718900957
893911261
602311649
493271144
517959819
171244599
2291309882
1269055134
126102537
