983454188
815108929
36308802
2311570951
393050889
2792209753
2332519567
2749668790
47819709
134616581
44403231
1168301233
1046958655
1437206346
227688507
1553473532
419008351
2782395285
142897446
1296620497
2767874120
2751231176
336677981
2549236544
2797019148
2286278665
252362013
1461939582
612814442
98615213
2742736301
296340793
424586426
329338614
2553054133
185699666
2558571648
1121158969
91384615
285823246
87096340
41722908
122510906
2238766808
381089914
287531034
270719242
2335814496
2830343213
100790988
289083689
2817709189
2488851451
2783679025
2662240602
80853676
18849097
